header: 
  seq: 94142
  stamp: 
    secs: 1636502969
    nsecs: 378713280
  frame_id: "base_link"
orientation: 
  x: -0.00576112911412
  y: 0.0382602004843
  z: 0.819693878885
  w: -0.571493595741
orientation_covariance: [1.0, 0.0, 0.0, 0.0, 1.0, 0.0, 0.0, 0.0, 1.0]
angular_velocity: 
  x: -0.00118489563465
  y: -0.00140812899917
  z: -0.00631896127015
angular_velocity_covariance: [1.2184696791468346e-07, 0.0, 0.0, 0.0, 1.2184696791468346e-07, 0.0, 0.0, 0.0, 1.2184696791468346e-07]
linear_acceleration: 
  x: 0.346522182226
  y: 0.69401049614
  z: 10.0015878677
linear_acceleration_covariance: [8.999999999999999e-08, 0.0, 0.0, 0.0, 8.999999999999999e-08, 0.0, 0.0, 0.0, 8.999999999999999e-08]
---
